layout_spectrum: 0.8458781
typography_spectrum: 0.9516799
color:
  saturation: 0.4102201
  brandStrength: 0.9064596
  lightness: 0.09606169
  rhythmicContrast: 0.8530466
name: AlexanderChenEsq
